2,
1510555672,83,17,83,85,83,40782,88,81
1510561977,82,47,82,74,82,38226,88,81
1510555672,83,17,83,85,83,40782,88,81
1510561977,82,47,82,74,82,38226,88,81
1510555672,83,17,83,85,83,40782,88,81
1510561977,82,47,82,74,82,38226,88,81
1510555672,83,17,83,85,83,40782,88,81
1510555672,83,17,83,85,83,40782,88,81
1510561977,82,47,82,74,82,38226,88,81

1510555672,83,17,83,85,83,40782,88,81
1510561977,82,47,82,74,82,38226,88,81
1510555672,83,17,83,85,83,40782,88,81
1510561977,82,47,82,74,82,38226,88,81
1510555672,83,17,83,85,83,40782,88,81
1510561977,82,47,82,74,82,38226,88,81
1510555672,83,17,83,85,83,40782,88,81
1510555672,83,17,83,85,83,40782,88,81
1510561977,82,47,82,74,82,38226,88,81